step1_merged_pts=1152
step1_sensor0_pts=900
step1_sensor1_pts=131
step1_sensor2_pts=121
step2_cropbox_pts=157
step2_roi_min=-50.000000,-20.000000,0.150000
step2_roi_max=50.000000,20.000000,2.200000
step2_min_intensity=10.000000
step3_voxel_pts=157
step3_voxel_size=0.100000
step4_outlier_pts=116
step4_min_neighbors=5
step4_std_thresh=0.200000
step5_num_clusters=1
step5_cluster_tolerance=0.500000
step5_min_cluster=30
step5_max_cluster=5000
step5_cluster_0_pts=30
